1 2 148
1 3 340
1 4 356
1 5 364
1 6 258
1 7 84
1 8 89
1 9 115
1 10 224
1 11 28
1 12 9
1 13 311
1 14 222
1 15 106
1 16 256
1 17 78
1 18 215
1 19 279
1 20 141
2 3 342
2 4 379
2 5 299
2 6 236
2 7 199
2 8 76
2 9 47
2 10 123
2 11 157
2 12 157
2 13 203
2 14 226
2 15 248
2 16 169
2 17 176
2 18 103
2 19 306
2 20 285
3 4 57
3 5 157
3 6 108
3 7 276
3 8 369
3 9 305
3 10 464
3 11 368
3 12 340
3 13 251
3 14 121
3 15 412
3 16 214
3 17 418
3 18 270
3 19 72
3 20 346
4 5 214
4 6 155
4 7 283
4 8 398
4 9 339
4 10 503
4 11 383
4 12 354
4 13 307
4 14 153
4 15 416
4 16 266
4 17 434
4 18 317
4 19 77
4 20 339
5 6 122
5 7 332
5 8 355
5 9 281
5 10 406
5 11 390
5 12 368
5 13 127
5 14 170
5 15 461
5 16 130
5 17 434
5 18 199
5 19 199
5 20 426
6 7 214
6 8 272
6 9 203
6 10 358
6 11 286
6 12 260
6 13 162
6 14 48
6 15 347
6 16 112
6 17 334
6 18 163
6 19 100
6 20 304
7 8 163
7 9 154
7 10 298
7 11 108
7 12 79
7 13 310
7 14 170
7 15 136
7 16 248
7 17 156
7 18 230
7 19 209
7 20 100
8 9 73
8 10 135
8 11 88
8 12 98
8 13 273
8 14 249
8 15 177
8 16 230
8 17 100
8 18 171
8 19 320
8 20 230
9 10 166
9 11 131
9 12 123
9 13 204
9 14 186
9 15 221
9 16 157
9 17 162
9 18 103
9 19 264
9 20 244
10 11 217
10 12 233
10 13 293
10 14 350
10 15 297
10 16 277
10 17 206
10 18 208
10 19 429
10 20 364
11 12 29
11 13 332
11 14 250
11 15 91
11 16 278
11 17 50
11 18 234
11 19 307
11 20 147
12 13 317
12 14 223
12 15 99
12 16 261
12 17 79
12 18 222
12 19 278
12 20 132
13 14 197
13 15 416
13 16 62
13 17 366
13 18 101
13 19 262
13 20 410
14 15 305
14 16 139
14 17 300
14 18 173
14 19 81
14 20 257
15 16 359
15 17 91
15 18 321
15 19 344
15 20 102
16 17 317
16 18 69
16 19 211
16 20 348
17 18 266
17 19 357
17 20 176
18 19 253
18 20 329
19 20 274
